0.965742
0.725993
0.605900
0.520839
0.481225
0.459200
0.431711
0.884733
0.992699
1.263102
1.466054
1.839253
1.916770
1.202294
1.792341
0.946784
0.674280
0.604059
0.524411
0.499465
0.457652
0.416025
0.794363
1.275002
1.490515
1.986004
1.897019
1.104177
1.366184
1.853331
0.978774
0.666333
0.607438
0.519427
0.486354
0.421814
0.417099
0.928365
1.022964
1.720582
1.323370
1.029188
1.697727
1.898474
1.037117
0.947375
0.740662
0.589209
0.484534
0.465724
0.413684
0.457484
0.805872
1.027512
0.759445
1.918460
1.781092
2.311034
1.814740
1.590368
0.952644
0.739298
0.597780
0.529951
0.469692
0.420006
0.412152
0.815134
1.733168
0.764079
1.232562
1.746499
1.246870
1.240733
1.575251
0.981678
0.727619
0.605323
0.500970
0.484458
0.447875
0.463050
1.188450
0.887213
0.779767
1.135949
1.427219
1.277682
1.729683
1.857764
